Accuracy: 0.9594
Precision: 0.9597
Recall: 0.9594
Confusion Matrix:
[[ 964    0    3    1    0    3    5    0    4    0]
 [   0 1122    4    1    1    1    3    0    3    0]
 [   6    0  977    8    7    1    3    4   25    1]
 [   0    0    5  968    2    8    0    7   14    6]
 [   1    0    4    0  950    1    5    5    1   15]
 [   5    0    2   13    3  847    7    1   11    3]
 [   6    3    4    2   10    8  916    0    9    0]
 [   2    8   17    3    7    1    0  961    3   26]
 [   1    0    5    7    5   10    0    3  936    7]
 [   4    4    3    8   17    5    0    3   12  953]]
Test Time (s): 18.9610
