Accuracy: 0.9216
Precision: 0.9217
Recall: 0.9216
Confusion Matrix:
[[ 955    0    7    2    0   10    4    1    1    0]
 [   0 1115    2    3    0    2    2    0   11    0]
 [   7    9  943   20    9    4    9    7   23    1]
 [   1    1   27  916    2   31    1    5   18    8]
 [   1    2    5    0  935    0    7    6    0   26]
 [  10    7   11   45    7  773   14    1   22    2]
 [  13    7   14    1    9   16  893    1    3    1]
 [   1   11   31    8   11    1    1  940    0   24]
 [  11    6    9   32   10   44    6   11  840    5]
 [   9    7    5   10   37    2    0   29    4  906]]
Test Time (s): 9.5057
