Accuracy: 0.9502
Precision: 0.9511
Recall: 0.9502
Confusion Matrix:
[[ 957    0    5    3    0    5    7    1    2    0]
 [   0 1123    3    1    1    1    4    1    1    0]
 [   5    1  993    6    4    0    3    7   13    0]
 [   0    0   20  961    0   11    0    9    6    3]
 [   2    1   23    0  931    0    4    2    1   18]
 [   5    2   14   18    5  829    9    1    7    2]
 [   6    3   17    1    6    6  916    0    3    0]
 [   1    6   32    5    3    1    0  957    1   22]
 [   7    2   21   12    4   15    1    8  898    6]
 [   5    6   13   13   16    2    0   14    3  937]]
Test Time (s): 27.1830
