Accuracy: 0.9903
Precision: 0.9903
Recall: 0.9903
Confusion Matrix:
[[ 974    1    0    0    2    0    1    1    1    0]
 [   0 1133    0    2    0    0    0    0    0    0]
 [   1    3 1019    0    0    0    0    6    3    0]
 [   0    0    1 1006    0    1    0    0    2    0]
 [   0    0    0    0  973    0    2    1    0    6]
 [   1    0    1    6    0  881    2    0    0    1]
 [   4    2    0    1    2    2  945    0    2    0]
 [   0    2    4    1    0    0    0 1015    1    5]
 [   1    1    1    2    0    1    0    0  964    4]
 [   0    2    0    0    3    3    0    4    4  993]]
Test Time (s): 0.2633
